7 0.82421875 0.6546875 0.1171875 0.3921875
7 0.60390625 0.7015625 0.09375 0.4328125
7 0.27734375 0.70859375 0.1015625 0.415625
7 0.1609375 0.709375 0.103125 0.4046875
7 0.7203125 0.73671875 0.10625 0.403125
7 0.3859375 0.7421875 0.1109375 0.421875
7 0.50234375 0.7671875 0.090625 0.4359375
7 0.35703125 0.23046875 0.0875 0.38125
7 0.4640625 0.234375 0.109375 0.4046875
7 0.25234375 0.24140625 0.103125 0.38125
7 0.8125 0.25 0.134375 0.4
7 0.696875 0.25859375 0.121875 0.4046875
7 0.14609375 0.271875 0.09375 0.384375
7 0.57734375 0.28828125 0.1046875 0.4390625