3 0.17265625 0.7796875 0.1671875 0.3765625
3 0.3265625 0.82578125 0.1296875 0.290625
3 0.46171875 0.8515625 0.11875 0.2390625
3 0.58203125 0.8640625 0.10625 0.2109375
3 0.6984375 0.88046875 0.1078125 0.196875
3 0.80234375 0.89296875 0.0890625 0.1640625
3 0.89609375 0.90234375 0.0859375 0.1453125
3 0.16328125 0.290625 0.1765625 0.3859375
3 0.32265625 0.3359375 0.134375 0.2953125
3 0.46171875 0.36171875 0.115625 0.2484375
3 0.5828125 0.37265625 0.1015625 0.21875
3 0.6953125 0.3859375 0.10625 0.1890625
3 0.80234375 0.3984375 0.0890625 0.1640625
3 0.89765625 0.41328125 0.08125 0.1375
3 0.25859375 0.421875 0.0046875 0.0046875