3 0.4796875 0.64375 0.215625 0.2921875
3 0.0984375 0.67109375 0.196875 0.3671875
3 0.92265625 0.68359375 0.1546875 0.3140625
3 0.12890625 0.73125 0.25 0.4171875
3 0.86171875 0.15859375 0.2765625 0.2625
3 0.5421875 0.178125 0.1625 0.2359375
3 0.11875 0.18828125 0.2375 0.25
3 0.8515625 0.20859375 0.296875 0.2671875
3 0.53671875 0.2390625 0.2265625 0.1578125
3 0.134375 0.2515625 0.26875 0.2734375
3 0.53515625 0.27109375 0.33125 0.2234375
3 0.765625 0.41875 0.365625 0.3046875
3 0.31953125 0.45859375 0.2484375 0.1796875
3 0.33046875 0.47578125 0.353125 0.2765625
3 0.33828125 0.38359375 0.1921875 0.259375
3 0.75234375 0.48203125 0.453125 0.3453125