5 0.890909090625 0.8415300546875001 0.9272727265625 0.8251366125 0.9345454546875 0.7540983609375 0.90181818125 0.63387978125 0.8836363640625 0.6065573765625001 0.8400000000000001 0.6120218578125 0.8013217562499999 0.6399861796875 0.8 0.672131146875 0.76 0.6830601093750001 0.7745454546875 0.7759562843750001 0.82181818125 0.8306010921875 0.890909090625 0.8415300546875001
5 0.8290909093750001 0.45355191250000004 0.7963636359375 0.415300546875 0.7527272734375 0.42622950781249996 0.7272727265625 0.491803278125 0.7272727265625 0.5573770484375 0.770909090625 0.6120218578125 0.82181818125 0.590163934375 0.8472727265625 0.535519125 0.8327272734375001 0.5136612015625001 0.8290909093750001 0.45355191250000004
5 0.8763636359375001 0 0.866545309375 0.03366369375 0.8727272734374999 0.10928961718750001 0.8454730218750001 0.11209344843749999 0.8254545453125001 0.14754098437500002 0.8290909093750001 0.23497267812499997 0.8690909093749999 0.278688525 0.9163636359374999 0.27322404375 0.9345454546875 0.24043715781250002 0.94181818125 0.14754098437500002 1 0.0819672125 1 0.0601092890625 0.9781818187500001 0 0.8763636359375001 0
5 0.60665453125 0 0.6145454546875 0.0655737703125 0.6417749015624999 0.1317009125 0.6763636359375 0.18032786875 0.709090909375 0.18032786875 0.749090909375 0.10928961718750001 0.7454545453125 0 0.60665453125 0
5 0.41818181875000004 0 0.4 0.038251365625 0.3858978984375 0.10153561250000001 0.401952909375 0.179965371875 0.4410870546875 0.1844901796875 0.50181818125 0.16393442656249999 0.5554791453125 0.124159584375 0.5384206328125 0.0215975578125 0.509090909375 0.032786885937499996 0.49818181875 0 0.41818181875000004 0
5 0 0.14754098437500002 0.018181818750000002 0.2076502734375 0.050909090625 0.25683060156250004 0.07272727343749999 0.25683060156250004 0.1127272734375 0.2076502734375 0.10909090937499999 0.0765027328125 0.0868730140625 0.030647153125 0.0363636359375 0.0655737703125 0 0.10382513593750001 0 0.14754098437500002
5 0 0.677595628125 0.029090909375 0.677595628125 0.050909090625 0.6557377046874999 0.05818181875 0.595628415625 0.0472727265625 0.5300546453125 0.0306803921875 0.492176234375 0 0.48011007031249997 0 0.677595628125
5 1 0.3825136609375 0.98695801875 0.3594488859375 0.9563636359375 0.35519125625000003 0.9317688578125001 0.3458745359375 0.9054545453125 0.3770491796875 0.8775831999999999 0.40620512499999994 0.9090909093749999 0.5300546453125 0.9272727265625 0.5573770484375 0.9818181812500001 0.5573770484375 1 0.5300546453125 1 0.3825136609375
5 0.949090909375 1 0.9745454546874999 0.961748634375 0.9781818187500001 0.9180327875 0.96 0.868852459375 0.9345454546875 0.8524590156249999 0.8946416359375 0.8511432624999999 0.86181818125 0.863387978125 0.85818181875 0.9453551906250001 0.8727272734374999 1 0.949090909375 1
5 1 0.6666666671875 0.9527272734375 0.672131146875 0.9236363640624999 0.7049180328125 0.9199999999999999 0.8196721312499999 0.9672727265625 0.8524590156249999 1 0.8360655734375 1 0.6666666671875
5 0.4254545453125 0.601092896875 0.41818181875000004 0.677595628125 0.42181818125000003 0.7322404375 0.45818181874999997 0.73770491875 0.512331225 0.6264117765624999 0.5345454546874999 0.54098360625 0.5054545453125 0.464480875 0.4836363640625 0.45355191250000004 0.4410870546875 0.4529613171875 0.429090909375 0.4699453546875 0.4099804546875 0.48011007031249997 0.41454545468750004 0.508196721875 0.4 0.4808743171875 0.38181818125 0.491803278125 0.37818181875 0.5573770484375 0.410909090625 0.5136612015625001 0.4472727265625 0.5136612015625001 0.45818181874999997 0.54098360625 0.45818181874999997 0.5792349734375 0.4254545453125 0.601092896875