6 0.82578125 0.7109375 0.265625 0.5515625
6 0.590625 0.7515625 0.16875 0.4609375
6 0.41328125 0.7703125 0.1640625 0.4171875
6 0.26953125 0.78828125 0.11875 0.3875
6 0.121875 0.80234375 0.1703125 0.3625
6 0.72109375 0.18359375 0.0953125 0.303125
6 0.81015625 0.18359375 0.0890625 0.309375
6 0.63203125 0.184375 0.0890625 0.3046875
6 0.89765625 0.1875 0.075 0.3109375
6 0.109375 0.24296875 0.1140625 0.434375
6 0.49140625 0.26328125 0.1125 0.4
6 0.2359375 0.26640625 0.1078125 0.384375
6 0.365625 0.26875 0.1109375 0.4