6 0.91640625 0.55546875 0.0515625 0.4171875
6 0.89140625 0.56796875 0.053125 0.4015625
6 0.12265625 0.58828125 0.0640625 0.3578125
6 0.18828125 0.5953125 0.08125 0.3875
6 0.78515625 0.6 0.08125 0.378125
6 0.62421875 0.60234375 0.065625 0.3703125
6 0.41171875 0.61328125 0.0703125 0.36875
6 0.70234375 0.61953125 0.09375 0.353125
6 0.553125 0.62109375 0.078125 0.35625
6 0.86796875 0.6265625 0.096875 0.3890625
6 0.490625 0.64921875 0.071875 0.3140625
6 0.2640625 0.67265625 0.075 0.2484375
6 0.3296875 0.30703125 0.103125 0.2328125
6 0.221875 0.32734375 0.1015625 0.24375
6 0.11796875 0.47265625 0.096875 0.5296875