6 0.1375 0.7078125 0.2109375 0.478125
6 0.4671875 0.75234375 0.1265625 0.396875
6 0.3125 0.75859375 0.090625 0.3875
6 0.621875 0.75859375 0.109375 0.3796875
6 0.775 0.76328125 0.1296875 0.3765625
6 0.921875 0.78984375 0.090625 0.33125
6 0.14140625 0.22109375 0.1 0.35
6 0.25078125 0.2640625 0.078125 0.290625
6 0.47578125 0.2640625 0.090625 0.2640625
6 0.36328125 0.2703125 0.09375 0.2765625
6 0.69453125 0.27265625 0.09375 0.2734375
6 0.590625 0.27265625 0.09375 0.2765625
6 0.81015625 0.28671875 0.096875 0.2359375
6 0.92109375 0.3015625 0.084375 0.2140625