3 0.4265625 0.46875 0.09375 0.2421875
3 0.621875 0.49921875 0.1828125 0.3609375
3 0.54140625 0.51328125 0.11875 0.29375
3 0.85078125 0.54609375 0.2984375 0.296875
3 0.2203125 0.56484375 0.1109375 0.5046875
3 0.32890625 0.60546875 0.084375 0.4703125
3 0.0828125 0.7390625 0.165625 0.3515625
3 0.23671875 0.75078125 0.13125 0.459375
3 0.63984375 0.7734375 0.3875 0.1578125
3 0.89609375 0.8484375 0.2078125 0.296875
3 0.46484375 0.859375 0.2125 0.28125
3 0.8703125 0.11875 0.1484375 0.2375
3 0.409375 0.18125 0.1671875 0.3453125
3 0.51640625 0.184375 0.096875 0.26875
3 0.10703125 0.2234375 0.2140625 0.1875
3 0.90703125 0.27109375 0.1859375 0.1671875
3 0.325 0.29609375 0.2109375 0.1828125
3 0.79296875 0.3171875 0.28125 0.2484375