3 0.9421875 0.625 0.0671875 0.528125
3 0.5453125 0.6734375 0.0953125 0.428125
3 0.41875 0.67734375 0.0875 0.4234375
3 0.68125 0.684375 0.0828125 0.3984375
3 0.80859375 0.6890625 0.0921875 0.3921875
3 0.27734375 0.6921875 0.15625 0.4078125
3 0.09375 0.69453125 0.1390625 0.3921875
3 0.928125 0.15859375 0.0921875 0.2328125
3 0.18125 0.221875 0.0921875 0.371875
3 0.509375 0.228125 0.0765625 0.3890625
3 0.3578125 0.23984375 0.1984375 0.403125
3 0.65625 0.25078125 0.1140625 0.4171875
3 0.06640625 0.25234375 0.0703125 0.4203125
3 0.81640625 0.253125 0.1125 0.4125